184 4
1 2 3 4
1 2 3 4
1 2 3 4
1 2 3 4
5 6 7 8
5 6 7 8
5 6 7 8
5 6 7 8
9 10 11 12
9 10 11 12
9 10 11 12
9 10 11 12
13 14 15 16
13 14 15 16
13 14 15 16
13 14 15 16
-1 -2
-1 -3
-1 -4
-2 -3
-2 -4
-3 -4
-5 -6
-5 -7
-5 -8
-6 -7
-6 -8
-7 -8
-9 -10
-9 -11
-9 -12
-10 -11
-10 -12
-11 -12
-13 -14
-13 -15
-13 -16
-14 -15
-14 -16
-15 -16
-2 -1
-3 -2
-3 -1
-4 -3
-4 -2
-4 -1
-6 -5
-7 -6
-7 -5
-8 -7
-8 -6
-8 -5
-10 -9
-11 -10
-11 -9
-12 -11
-12 -10
-12 -9
-14 -13
-15 -14
-15 -13
-16 -15
-16 -14
-16 -13
-1 -5
-1 -9
-1 -13
-5 -1
-5 -9
-5 -13
-9 -1
-9 -5
-9 -13
-13 -1
-13 -5
-13 -9
-2 -6
-2 -10
-2 -14
-6 -2
-6 -10
-6 -14
-10 -2
-10 -6
-10 -14
-14 -2
-14 -6
-14 -10
-3 -7
-3 -11
-3 -15
-7 -3
-7 -11
-7 -15
-11 -3
-11 -7
-11 -15
-15 -3
-15 -7
-15 -11
-4 -8
-4 -12
-4 -16
-8 -4
-8 -12
-8 -16
-12 -4
-12 -8
-12 -16
-16 -4
-16 -8
-16 -12
1 5 9 13
1 5 9 13
1 5 9 13
1 5 9 13
2 6 10 14
2 6 10 14
2 6 10 14
2 6 10 14
3 7 11 15
3 7 11 15
3 7 11 15
3 7 11 15
4 8 12 16
4 8 12 16
4 8 12 16
4 8 12 16
-1 -6
-1 -11
-1 -16
-2 -7
-2 -12
-3 -8
-5 -10
-5 -15
-6 -11
-6 -16
-7 -12
-9 -14
-10 -15
-11 -16
-6 -1
-7 -2
-8 -3
-10 -5
-11 -6
-11 -1
-12 -7
-12 -2
-14 -9
-15 -10
-15 -5
-16 -11
-16 -6
-16 -1
-5 -2
-6 -3
-7 -4
-9 -6
-9 -3
-10 -7
-10 -4
-11 -8
-13 -10
-13 -7
-13 -4
-14 -11
-14 -8
-15 -12
-2 -5
-3 -6
-3 -9
-4 -7
-4 -10
-4 -13
-6 -9
-7 -10
-7 -13
-8 -11
-8 -14
-10 -13
-11 -14
-12 -15
